id,name,location
1,John Smith,London
2,Emma Johnson,Birmingham
3,Michael Brown,Manchester
4,Sophie Williams,Glasgow
5,Daniel Jones,Leeds
6,Lily Davies,Sheffield
7,James Wilson,Edinburgh
8,Olivia Taylor,Cardiff
9,William Thomas,Bristol
10,Isabella Roberts,Newcastle
11,George Walker,Nottingham
12,Eva Hall,Southampton
13,Harry Lewis,Leicester
14,Ava Young,Derby
15,Charlie Harris,Liverpool
16,Chloe Clark,Oxford
17,Jack Allen,Cambridge
18,Emily Scott,Preston
19,Thomas Turner,Wakefield
20,Mia Moore,Portsmouth
21,Henry Thompson,Reading
22,Amelia Green,Swindon
23,Joshua King,Stoke-on-Trent
24,Grace Evans,Milton Keynes
25,Oliver Wright,Hull
26,Luna Hill,Doncaster
27,Samuel Adams,Bolton
28,Charlotte Baker,Wolverhampton
29,Leo Mitchell,Stockport
30,Harriet Campbell,Basingstoke
